20201210 20161119 -98 -1482
20201210 20161213 -46 -1458
20201210 20170106 -13 -1434
20201210 20170130 -92 -1410
20201210 20170223 -36 -1386
20201210 20170307 25 -1374
20201210 20170319 -40 -1362
20201210 20170331 36 -1350
20201210 20170412 85 -1338
20201210 20170424 72 -1326
20201210 20170506 123 -1314
20201210 20170518 83 -1302
20201210 20170530 -11 -1290
20201210 20170611 70 -1278
20201210 20170623 78 -1266
20201210 20170705 6 -1254
20201210 20170717 -28 -1242
20201210 20170729 64 -1230
20201210 20170810 46 -1218
20201210 20170822 23 -1206
20201210 20170903 52 -1194
20201210 20170915 84 -1182
20201210 20171009 62 -1158
20201210 20171021 41 -1146
20201210 20171102 -67 -1134
20201210 20171114 -24 -1122
20201210 20171126 -88 -1110
20201210 20171208 14 -1098
20201210 20171220 -47 -1086
20201210 20180101 23 -1074
20201210 20180113 -37 -1062
20201210 20180125 -34 -1050
20201210 20180206 -80 -1038
20201210 20180218 -93 -1026
20201210 20180302 -82 -1014
20201210 20180314 -27 -1002
20201210 20180326 16 -990
20201210 20180407 12 -978
20201210 20180501 34 -954
20201210 20180513 99 -942
20201210 20180525 -81 -930
20201210 20180618 9 -906
20201210 20180630 24 -894
20201210 20180706 75 -888
20201210 20180712 22 -882
20201210 20180718 15 -876
20201210 20180724 42 -870
20201210 20180730 31 -864
20201210 20180805 28 -858
20201210 20180811 19 -852
20201210 20180817 -42 -846
20201210 20180823 53 -840
20201210 20180904 53 -828
20201210 20180916 59 -816
20201210 20180922 47 -810
20201210 20180928 13 -804
20201210 20181004 2 -798
20201210 20181010 91 -792
20201210 20181016 -100 -786
20201210 20181022 71 -780
20201210 20181028 56 -774
20201210 20181103 -80 -768
20201210 20181109 -33 -762
20201210 20181115 117 -756
20201210 20181121 -25 -750
20201210 20181127 -71 -744
20201210 20181203 -39 -738
20201210 20181209 -89 -732
20201210 20181221 -47 -720
20201210 20181227 -110 -714
20201210 20190102 -13 -708
20201210 20190108 -39 -702
20201210 20190114 -65 -696
20201210 20190120 -75 -690
20201210 20190126 -71 -684
20201210 20190201 -76 -678
20201210 20190219 -101 -660
20201210 20190225 -90 -654
20201210 20190303 -94 -648
20201210 20190309 120 -642
20201210 20190315 -18 -636
20201210 20190321 -96 -630
20201210 20190327 -33 -624
20201210 20190402 85 -618
20201210 20190408 77 -612
20201210 20190414 47 -606
20201210 20190420 108 -600
20201210 20190426 -122 -594
20201210 20190502 125 -588
20201210 20190508 9 -582
20201210 20190514 28 -576
20201210 20190520 71 -570
20201210 20190526 56 -564
20201210 20190601 80 -558
20201210 20190613 39 -546
20201210 20190619 55 -540
20201210 20190625 23 -534
20201210 20190701 87 -528
20201210 20190707 9 -522
20201210 20190713 67 -516
20201210 20190719 59 -510
20201210 20190725 -65 -504
20201210 20190731 13 -498
20201210 20190806 34 -492
20201210 20190818 63 -480
20201210 20190824 -98 -474
20201210 20190830 12 -468
20201210 20190905 67 -462
20201210 20190911 79 -456
20201210 20190917 12 -450
20201210 20190923 90 -444
20201210 20190929 103 -438
20201210 20191005 -84 -432
20201210 20191011 9 -426
20201210 20191023 -8 -414
20201210 20191029 20 -408
20201210 20191104 -103 -402
20201210 20191110 -28 -396
20201210 20191116 -123 -390
20201210 20191122 -85 -384
20201210 20191128 -77 -378
20201210 20191204 -65 -372
20201210 20191210 -18 -366
20201210 20191216 -112 -360
20201210 20191222 -28 -354
20201210 20191228 -99 -348
20201210 20200103 -27 -342
20201210 20200109 -43 -336
20201210 20200115 -64 -330
20201210 20200121 -31 -324
20201210 20200127 -89 -318
20201210 20200202 -61 -312
20201210 20200208 -84 -306
20201210 20200214 -85 -300
20201210 20200220 -47 -294
20201210 20200226 -43 -288
20201210 20200303 -32 -282
20201210 20200309 -104 -276
20201210 20200315 -89 -270
20201210 20200321 -90 -264
20201210 20200327 -77 -258
20201210 20200402 43 -252
20201210 20200408 48 -246
20201210 20200414 -53 -240
20201210 20200420 83 -234
20201210 20200426 91 -228
20201210 20200502 -49 -222
20201210 20200508 59 -216
20201210 20200514 -14 -210
20201210 20200520 14 -204
20201210 20200526 42 -198
20201210 20200601 53 -192
20201210 20200607 13 -186
20201210 20200613 46 -180
20201210 20200619 83 -174
20201210 20200625 21 -168
20201210 20200701 8 -162
20201210 20200707 13 -156
20201210 20200713 3 -150
20201210 20200725 77 -138
20201210 20200731 110 -132
20201210 20200812 -99 -120
20201210 20200818 17 -114
20201210 20200824 67 -108
20201210 20200830 86 -102
20201210 20200905 63 -96
20201210 20200911 107 -90
20201210 20200917 43 -84
20201210 20200929 39 -72
20201210 20201005 82 -66
20201210 20201011 -75 -60
20201210 20201017 47 -54
20201210 20201023 -15 -48
20201210 20201029 -47 -42
20201210 20201104 -75 -36
20201210 20201110 -70 -30
20201210 20201116 -71 -24
20201210 20201122 -68 -18
20201210 20201128 -24 -12
20201210 20201204 -69 -6
20201210 20201210 0 0
20201210 20201216 -108 6
20201210 20201222 -20 12
20201210 20201228 -37 18
20201210 20210103 -79 24
20201210 20210109 26 30
20201210 20210115 -97 36
20201210 20210121 34 42
20201210 20210127 -76 48
20201210 20210202 -93 54
20201210 20210208 -58 60
20201210 20210214 -115 66
20201210 20210220 -33 72
20201210 20210226 -59 78
20201210 20210304 15 84
20201210 20210310 -32 90
20201210 20210316 -29 96
20201210 20210322 6 102
20201210 20210328 -69 108
20201210 20210409 71 120
20201210 20210415 27 126
20201210 20210421 -40 132
20201210 20210427 25 138
20201210 20210503 5 144
20201210 20210509 71 150
20201210 20210515 91 156
20201210 20210521 21 162
20201210 20210527 47 168
20201210 20210608 108 180
20201210 20210614 64 186
20201210 20210620 67 192
20201210 20210626 23 198
20201210 20210702 38 204
20201210 20210708 18 210
20201210 20210714 17 216
20201210 20210726 17 228
20201210 20210807 22 240
20201210 20210813 12 246
20201210 20210819 39 252
20201210 20210825 57 258
20201210 20210831 -75 264
20201210 20210906 30 270
20201210 20210912 59 276
20201210 20210918 44 282
20201210 20210924 57 288
20201210 20210930 88 294
20201210 20211006 55 300
20201210 20211012 -76 306
20201210 20211018 72 312
20201210 20211024 92 318
20201210 20211030 -90 324
20201210 20211105 -15 330
20201210 20211111 -73 336
20201210 20211117 -68 342
20201210 20211123 123 348
20201210 20211129 -81 354
20201210 20211205 -96 360
20201210 20211211 -82 366
20201210 20211217 -67 372
20201210 20220104 -57 390
20201210 20220128 -19 414
20201210 20220209 -40 426
20201210 20220221 124 438
20201210 20220305 -64 450
20201210 20220317 2 462
20201210 20230216 125 798
20201210 20230417 75 858
20201210 20230429 -104 870
20201210 20230511 -26 882
20201210 20230523 68 894
20201210 20230604 89 906
20201210 20230616 95 918
20201210 20230628 85 930
20201210 20230710 -123 942
20201210 20230722 86 954
20201210 20230803 82 966
20201210 20230815 5 978
20201210 20230827 118 990
20201210 20230908 -108 1002
20201210 20230920 110 1014
20201210 20231002 117 1026
20201210 20231014 35 1038
20201210 20231026 15 1050
20201210 20231107 -26 1062
20201210 20231119 55 1074
20201210 20231201 -42 1086
20201210 20231213 107 1098
20201210 20231225 6 1110
20201210 20240106 -61 1122
20201210 20240118 37 1134
20201210 20240130 123 1146
20201210 20240211 -93 1158
20201210 20240223 -119 1170
20201210 20240306 -76 1182
20201210 20240318 -62 1194
20201210 20240330 -117 1206
20201210 20240411 53 1218
20201210 20240423 35 1230
20201210 20240505 -106 1242
20201210 20240517 -120 1254
20201210 20240529 107 1266
20201210 20240610 58 1278
20201210 20240622 95 1290
20201210 20240704 36 1302
20201210 20240716 60 1314
20201210 20240728 55 1326
20201210 20240809 29 1338
20201210 20240821 35 1350
20201210 20240902 10 1362
20201210 20240914 84 1374
20201210 20240926 -23 1386
20201210 20241008 5 1398
20201210 20241020 116 1410
20201210 20241101 -100 1422
20201210 20241113 41 1434
20201210 20241125 -42 1446
20201210 20241207 -3 1458
20201210 20241219 16 1470
20201210 20241231 -111 1482
20201210 20250112 -38 1494
20201210 20250124 -23 1506
20201210 20250205 -51 1518
20201210 20250217 -56 1530
20201210 20250301 -43 1542
20201210 20250313 -99 1554
20201210 20250406 85 1578
20201210 20250418 13 1590
20201210 20250512 -106 1614
20201210 20250524 90 1626
20201210 20250605 54 1638
20201210 20250617 39 1650
20201210 20250629 71 1662
20201210 20250804 78 1698
20201210 20250816 -67 1710
20201210 20250828 -64 1722
20201210 20250909 -94 1734
20201210 20250921 -62 1746
20201210 20251003 -31 1758
20201210 20251015 -80 1770
20201210 20251027 -99 1782
20201210 20251108 -33 1794
20201210 20251120 -198 1806
20201210 20251202 -69 1818
20201210 20251214 -110 1830
20201210 20251226 -64 1842
20201210 20260107 -90 1854
20201210 20260119 -88 1866
20201210 20260131 -217 1878
20201210 20260212 -73 1890
20201210 20260224 -45 1902
20201210 20260308 -86 1914
20201210 20260320 -97 1926
20201210 20260401 3 1938
20201210 20260413 -94 1950
20201210 20260425 -166.4295 1962
20201210 20260507 -43.1610 1974
