20170106_20170130 24 0.291 0.119 19.463 54.994 0.000 247.000
20170106_20170223 48 0.291 0.115 19.456 56.916 0.000 246.000
20170106_20170307 60 0.291 0.114 17.445 50.921 0.000 245.000
20170106_20170319 72 0.291 0.111 16.787 49.647 0.000 248.000
20170130_20170223 24 0.291 0.116 18.392 53.213 0.000 245.000
20170130_20170307 36 0.291 0.114 17.620 51.148 0.000 244.000
20170130_20170319 48 0.291 0.111 17.103 50.279 0.000 248.000
20170130_20170331 60 0.291 0.112 17.758 52.421 0.000 246.000
20170223_20170307 12 0.291 0.119 17.912 50.965 0.000 247.000
20170223_20170319 24 0.291 0.112 16.769 49.352 0.000 246.000
20170223_20170331 36 0.291 0.112 17.691 52.282 0.000 246.000
20170223_20170412 48 0.291 0.113 18.250 53.834 0.000 245.000
20170307_20170319 12 0.291 0.114 17.169 49.802 0.000 245.000
20170307_20170331 24 0.291 0.113 16.996 49.527 0.000 245.000
20170307_20170412 36 0.291 0.113 16.656 48.765 0.000 242.000
20170307_20170424 48 0.291 0.112 16.623 48.929 0.000 241.000
20170307_20170611 96 0.291 0.111 16.410 48.790 0.000 242.000
20170307_20170623 108 0.291 0.111 16.637 49.497 0.000 245.000
20170307_20170903 180 0.291 0.110 16.394 48.877 0.000 243.000
20170307_20170915 192 0.291 0.110 16.087 47.980 0.000 239.000
20170319_20170331 12 0.291 0.116 17.475 50.344 0.000 246.000
20170319_20170412 24 0.291 0.113 17.143 50.270 0.000 244.000
20170319_20170424 36 0.291 0.112 16.990 50.257 0.000 245.000
20170319_20170506 48 0.291 0.111 16.730 49.336 0.000 243.000
20170319_20170623 96 0.291 0.109 16.231 48.658 0.000 247.000
20170319_20170903 168 0.291 0.109 16.292 48.841 0.000 245.000
20170319_20170915 180 0.291 0.109 15.926 47.839 0.000 243.000
20170331_20170412 12 0.291 0.118 18.541 53.254 0.000 245.000
20170331_20170424 24 0.291 0.115 18.161 52.812 0.000 246.000
20170331_20170506 36 0.291 0.113 17.988 52.752 0.000 243.000
20170331_20170518 48 0.291 0.112 17.749 52.620 0.000 246.000
20170331_20170611 72 0.291 0.111 17.584 52.299 0.000 248.000
20170331_20170623 84 0.291 0.111 17.554 52.276 0.000 246.000
20170331_20170915 168 0.291 0.110 17.155 51.378 0.000 245.000
20170412_20170424 12 0.291 0.122 20.600 57.740 0.000 246.000
20170412_20170506 24 0.291 0.115 18.584 54.053 0.000 245.000
20170412_20170518 36 0.291 0.115 18.876 55.160 0.000 247.000
20170412_20170530 48 0.291 0.112 18.327 54.234 0.000 245.000
20170424_20170506 12 0.291 0.117 19.266 55.066 0.000 246.000
20170424_20170518 24 0.291 0.118 19.403 55.884 0.000 248.000
20170424_20170530 36 0.291 0.114 18.711 54.812 0.000 246.000
20170424_20170611 48 0.291 0.114 18.816 54.991 0.000 248.000
20170506_20170518 12 0.291 0.118 18.623 53.554 0.000 247.000
20170506_20170530 24 0.291 0.115 18.027 52.458 0.000 244.000
20170506_20170611 36 0.291 0.114 17.961 52.541 0.000 246.000
20170506_20170623 48 0.291 0.113 17.813 52.258 0.000 244.000
20170518_20170530 12 0.291 0.121 21.130 59.817 0.000 247.000
20170518_20170611 24 0.291 0.119 20.797 59.564 0.000 248.000
20170518_20170623 36 0.291 0.117 20.537 59.253 0.000 247.000
20170518_20170705 48 0.291 0.115 20.093 58.478 0.000 246.000
20170530_20170611 12 0.291 0.122 21.431 60.330 0.000 249.000
20170530_20170623 24 0.291 0.119 20.820 59.713 0.000 247.000
20170530_20170705 36 0.291 0.117 20.879 60.175 0.000 250.000
20170530_20170717 48 0.291 0.116 20.440 59.201 0.000 248.000
20170611_20170623 12 0.291 0.124 22.696 62.226 0.000 249.000
20170611_20170705 24 0.291 0.121 21.695 60.941 0.000 248.000
20170611_20170717 36 0.291 0.119 21.304 60.264 0.000 247.000
20170611_20170729 48 0.291 0.116 20.833 59.952 0.000 249.000
20170611_20170903 84 0.291 0.114 20.666 59.930 0.000 249.000
20170611_20170915 96 0.291 0.114 20.463 59.343 0.000 247.000
20170623_20170705 12 0.291 0.124 22.951 62.888 0.000 249.000
20170623_20170717 24 0.291 0.122 22.224 62.030 0.000 249.000
20170623_20170729 36 0.291 0.117 21.360 60.797 0.000 249.000
20170623_20170810 48 0.291 0.117 21.144 60.446 0.000 248.000
20170623_20170903 72 0.291 0.115 21.112 60.557 0.000 249.000
20170623_20170915 84 0.291 0.115 20.760 59.731 0.000 247.000
20170705_20170717 12 0.291 0.125 23.540 63.478 0.000 249.000
20170705_20170729 24 0.291 0.120 21.742 61.063 0.000 250.000
20170705_20170810 36 0.291 0.119 21.506 60.920 0.000 249.000
20170705_20170822 48 0.291 0.119 21.886 61.638 0.000 249.000
20170717_20170729 12 0.291 0.122 22.528 61.895 0.000 249.000
20170717_20170810 24 0.291 0.121 21.874 61.132 0.000 248.000
20170717_20170822 36 0.291 0.121 22.060 61.557 0.000 248.000
20170717_20170903 48 0.291 0.117 21.497 60.868 0.000 249.000
20170729_20170810 12 0.291 0.124 23.094 63.002 0.000 250.000
20170729_20170822 24 0.291 0.121 22.124 61.625 0.000 249.000
20170729_20170903 36 0.291 0.119 21.900 61.663 0.000 250.000
20170729_20170915 48 0.291 0.118 21.351 60.495 0.000 248.000
20170810_20170822 12 0.291 0.124 23.417 63.629 0.000 250.000
20170810_20170903 24 0.291 0.121 22.564 62.662 0.000 250.000
20170810_20170915 36 0.291 0.120 22.041 61.757 0.000 250.000
20170810_20171009 60 0.291 0.117 21.321 60.719 0.000 250.000
20170822_20170903 12 0.291 0.122 23.637 64.166 0.000 249.000
20170822_20170915 24 0.291 0.122 22.868 62.815 0.000 248.000
20170822_20171009 48 0.291 0.119 21.997 61.608 0.000 249.000
20170822_20171021 60 0.291 0.119 22.291 62.392 0.000 250.000
20170903_20170915 12 0.291 0.123 23.781 64.058 0.000 248.000
20170903_20171009 36 0.291 0.119 22.139 62.014 0.000 250.000
20170903_20171021 48 0.291 0.118 22.227 62.289 0.000 249.000
20170903_20171102 60 0.291 0.117 21.609 60.910 0.000 248.000
20170903_20180302 180 0.291 0.113 18.248 53.460 0.000 246.000
20170903_20180314 192 0.291 0.109 16.323 48.664 0.000 246.000
20170903_20180326 204 0.291 0.111 18.867 56.495 0.000 245.000
20170915_20171009 24 0.291 0.121 22.663 62.353 0.000 249.000
20170915_20171021 36 0.291 0.121 22.719 62.609 0.000 249.000
20170915_20171102 48 0.291 0.119 22.081 61.541 0.000 250.000
20170915_20171114 60 0.291 0.118 21.896 61.220 0.000 247.000
20170915_20180302 168 0.291 0.114 18.133 52.917 0.000 244.000
20170915_20180314 180 0.291 0.110 16.041 47.769 0.000 243.000
20170915_20180326 192 0.291 0.111 18.656 55.639 0.000 242.000
20171009_20171021 12 0.291 0.125 24.266 64.725 0.000 250.000
20171009_20171102 24 0.291 0.123 22.936 62.377 0.000 248.000
20171009_20171114 36 0.291 0.122 23.005 63.052 0.000 250.000
20171009_20171126 48 0.291 0.120 22.588 62.329 0.000 249.000
20171021_20171102 12 0.291 0.125 24.033 64.119 0.000 250.000
20171021_20171114 24 0.291 0.124 24.097 64.772 0.000 250.000
20171021_20171126 36 0.291 0.121 23.272 63.550 0.000 250.000
20171021_20180101 72 0.291 0.119 22.307 61.936 0.000 248.000
20171102_20171114 12 0.291 0.126 24.330 64.289 0.000 249.000
20171102_20171126 24 0.291 0.123 23.450 63.389 0.000 249.000
20171102_20180101 60 0.291 0.120 22.035 60.855 0.000 247.000
20171102_20180113 72 0.291 0.119 21.942 60.915 0.000 247.000
20171114_20171126 12 0.291 0.125 24.828 65.544 0.000 248.000
20171114_20180101 48 0.291 0.122 23.353 63.633 0.000 250.000
20171114_20180113 60 0.291 0.120 22.916 62.934 0.000 250.000
20171114_20180125 72 0.291 0.118 21.687 60.907 0.000 249.000
20171126_20180101 36 0.291 0.123 23.203 62.759 0.000 247.000
20171126_20180113 48 0.291 0.122 22.966 62.559 0.000 248.000
20171126_20180125 60 0.291 0.119 21.510 60.119 0.000 246.000
20171126_20180206 72 0.291 0.120 21.962 61.178 0.000 248.000
20180101_20180113 12 0.291 0.126 24.826 65.341 0.000 249.000
20180101_20180125 24 0.291 0.121 23.019 62.830 0.000 248.000
20180101_20180206 36 0.291 0.121 22.574 61.835 0.000 248.000
20180101_20180218 48 0.291 0.120 21.265 59.016 0.000 245.000
20180113_20180125 12 0.291 0.123 23.309 62.856 0.000 249.000
20180113_20180206 24 0.291 0.123 23.153 62.649 0.000 248.000
20180113_20180218 36 0.291 0.121 21.284 58.987 0.000 247.000
20180113_20180302 48 0.291 0.119 18.769 53.589 0.000 246.000
20180125_20180206 12 0.291 0.124 23.128 62.302 0.000 248.000
20180125_20180218 24 0.291 0.122 21.481 59.362 0.000 246.000
20180125_20180302 36 0.291 0.118 18.702 53.478 0.000 246.000
20180125_20180314 48 0.291 0.113 16.979 49.720 0.000 247.000
20180206_20180218 12 0.291 0.124 22.211 60.385 0.000 247.000
20180206_20180302 24 0.291 0.120 19.156 54.284 0.000 246.000
20180206_20180314 36 0.291 0.113 16.739 49.149 0.000 246.000
20180206_20180326 48 0.291 0.114 19.261 56.743 0.000 246.000
20180218_20180302 12 0.291 0.122 19.692 54.902 0.000 247.000
20180218_20180314 24 0.291 0.114 16.918 49.426 0.000 245.000
20180218_20180326 36 0.291 0.114 19.096 55.989 0.000 244.000
20180218_20180407 48 0.291 0.114 19.123 56.322 0.000 245.000
20180302_20180314 12 0.291 0.117 17.509 50.313 0.000 245.000
20180302_20180326 24 0.291 0.117 18.498 53.672 0.000 245.000
20180302_20180407 36 0.291 0.115 18.082 53.067 0.000 245.000
20180302_20180501 60 0.291 0.115 18.487 54.039 0.000 247.000
20180302_20180618 108 0.291 0.113 17.807 52.588 0.000 244.000
20180302_20180630 120 0.291 0.111 17.188 51.349 0.000 245.000
20180302_20180904 186 0.291 0.111 17.101 51.145 0.000 243.000
20180302_20180916 198 0.291 0.111 17.057 51.086 0.000 244.000
20180302_20180922 204 0.291 0.112 17.203 51.364 0.000 246.000
20180302_20180928 210 0.291 0.111 17.002 50.958 0.000 244.000
20180314_20180326 12 0.291 0.117 17.615 50.647 0.000 247.000
20180314_20180407 24 0.291 0.115 17.293 50.242 0.000 247.000
20180314_20180501 48 0.291 0.114 17.181 50.010 0.000 247.000
20180314_20180513 60 0.291 0.112 16.784 49.106 0.000 244.000
20180314_20180618 96 0.291 0.111 16.436 48.780 0.000 246.000
20180314_20180630 108 0.291 0.109 15.870 47.856 0.000 247.000
20180314_20180904 174 0.291 0.108 15.505 47.039 0.000 245.000
20180314_20180922 192 0.291 0.108 15.670 47.487 0.000 246.000
20180326_20180407 12 0.291 0.123 21.209 60.020 0.000 248.000
20180326_20180501 36 0.291 0.117 19.876 57.482 0.000 246.000
20180326_20180513 48 0.291 0.113 18.538 54.724 0.000 243.000
